1023
4001
1017
6000
5001
6000
3002
6000
5002
4001
6000
2071
6000
2021
6000
3003
1011
6000
2071
3004
2031
3004
3003
1024
5001
6000
2033
6000
5002
2051
6000
3003
4002
1020
5001
6000
2032
6000
5002
4001
6000
2071
7000
2012
7000
3003
4002
1021
1020
5001
6000
5002
4001
6000
2071
1001
5001
7000
2051
5001
7000
2033
1007
5001
7000
2022
7000
3002
7000
5002
5002
5002
3003
6000
2071
1001
5001
7000
2022
<<<<<<< HEAD
=======
3002
>>>>>>> b8e329c009bdb19f2c40603f8202c8a32f540c13
7000
5002
3003
4002
1021
4001
6000
2071
3004
3003
4002
4002
1013
3003
1


